Floor 1:
  x: -27.30087
  y: 32.5
  z: 84.88463

Floor 2:
  x: -27.30087
  y: 40.46443
  z: 84.88463